# model [OLMoE-1B-7B-0924-Instruct-Q4_K_M.gguf 4213513024] time 1791108189: hot experts (this run's counts) of a prompt whose last layer embedding is this file name (64 buckets, one signed byte each, scaled by the largest)
hot.0 = 0 5 4 6 8 6 37 2 9 0 0 7 4 8 6 2 4 8 7 5 4 5 3 2 10 3 3 1 13 3 5 5 4 0 0 0 4 0 4 2 8 15 5 0 4 6 5 9 2 7 8 5 8 9 5 6 0 0 1 2 7 5 4 8
hot.1 = 0 3 7 6 3 13 0 1 3 11 0 11 5 6 7 10 10 13 14 4 1 10 3 7 6 7 2 3 0 18 3 4 3 2 2 4 3 10 0 2 3 3 8 3 0 6 8 1 4 8 3 4 3 8 5 5 6 1 2 1 7 4 9 9
hot.2 = 4 5 0 14 3 3 2 13 0 16 25 6 5 6 9 4 5 3 1 10 1 1 10 6 11 2 7 5 5 6 7 7 2 6 7 1 9 5 8 0 7 2 1 0 1 8 0 8 1 5 5 0 0 4 3 4 2 1 11 0 11 5 6 3
hot.3 = 11 1 8 4 4 0 25 1 9 11 10 11 8 2 3 10 3 1 5 13 3 6 7 1 1 0 1 1 2 1 14 5 0 8 0 0 5 9 5 8 7 3 8 4 6 5 1 3 0 4 2 8 2 0 5 0 7 1 12 8 2 11 6 6
hot.4 = 13 4 12 0 2 6 7 3 15 8 3 6 3 2 7 0 2 3 12 1 11 5 4 8 2 9 0 12 1 1 1 0 0 12 1 10 1 3 5 2 2 7 6 11 3 12 1 1 9 0 0 5 3 15 1 1 3 0 4 9 1 11 12 14
hot.5 = 2 5 5 12 0 1 2 1 1 1 3 2 0 11 11 2 2 11 4 11 7 11 6 4 0 1 1 9 0 2 6 8 0 2 8 2 3 17 2 4 3 9 4 3 0 6 0 6 5 5 1 6 9 3 5 9 13 5 11 4 30 4 6 1
hot.6 = 18 8 1 0 5 1 3 0 4 6 10 8 2 4 0 7 13 9 14 0 2 3 2 3 6 7 3 4 0 1 1 22 2 2 0 0 18 3 9 1 12 0 1 0 4 0 10 5 4 13 5 0 4 4 2 11 8 1 5 10 8 4 12 3
hot.7 = 1 1 6 4 1 7 0 12 0 14 2 5 5 15 3 0 1 2 4 3 0 9 10 11 6 2 5 0 6 4 0 0 4 5 16 10 5 3 7 10 3 8 4 6 0 9 8 4 10 0 0 7 3 3 5 12 10 0 9 1 3 8 1 15
hot.8 = 3 9 10 5 2 0 15 6 1 6 10 0 3 1 18 1 3 4 3 0 1 7 1 15 3 1 1 2 3 12 8 4 16 1 9 9 9 4 3 4 4 0 3 1 4 3 0 3 4 7 5 14 5 5 1 7 10 8 2 11 7 1 3 7
hot.9 = 8 5 7 0 5 2 13 3 10 1 0 5 15 13 2 4 7 13 2 15 4 10 3 4 7 1 11 4 1 2 5 7 4 0 9 2 7 10 6 6 3 13 9 4 3 4 0 2 2 1 1 2 7 4 6 8 2 4 5 3 3 5 0 4
hot.10 = 6 6 2 3 15 0 11 6 1 3 1 8 5 0 4 5 1 11 3 4 4 1 23 7 2 11 1 1 5 7 9 3 9 2 4 2 8 11 7 5 0 1 2 10 7 0 8 6 6 3 4 0 9 6 5 7 2 3 3 9 5 3 3 9
hot.11 = 6 2 7 8 2 3 9 3 4 1 3 3 2 0 9 11 7 4 9 4 6 0 8 4 9 23 5 2 2 5 6 4 2 9 9 9 2 6 5 2 13 2 3 1 11 5 3 2 5 6 0 11 9 0 4 2 8 0 11 0 0 11 6 0
hot.12 = 7 11 1 2 8 6 9 6 4 8 5 20 4 2 7 10 0 4 5 0 2 6 4 12 2 10 9 0 1 6 5 2 11 1 3 9 8 0 4 1 5 1 4 4 2 0 6 3 8 1 8 5 10 8 9 4 2 1 13 10 1 1 7 0
hot.13 = 3 3 8 5 5 17 2 4 9 9 5 1 0 3 18 1 1 3 2 1 0 4 9 6 1 4 6 2 3 2 0 7 4 2 4 7 10 0 6 4 13 10 1 1 5 8 2 4 8 12 10 2 0 2 11 8 1 1 0 17 3 0 6 22
hot.14 = 0 4 3 6 23 2 0 3 6 10 1 10 7 2 0 9 3 10 0 3 5 11 14 0 8 6 0 1 1 4 0 0 5 2 6 6 1 4 9 3 5 8 10 0 6 9 9 2 8 2 1 14 1 4 3 0 5 10 9 18 9 0 5 2
hot.15 = 1 4 8 0 0 3 1 0 0 4 0 0 9 0 11 6 0 0 1 0 2 4 2 9 8 0 9 0 0 3 0 3 1 1 0 0 1 4 4 5 1 2 0 1 1 23 0 7 2 0 22 0 6 0 3 5 2 1 2 1 4 4 7 2
