# model [OLMoE-1B-7B-0924-Instruct-Q4_K_M.gguf 4213513024] time 1791108079: hot experts (this run's counts) of a prompt whose last layer embedding is this file name (64 buckets, one signed byte each, scaled by the largest)
hot.0 = 8 2 3 2 5 4 41 3 15 0 6 3 0 4 5 2 5 2 2 3 1 31 8 0 9 3 3 4 1 5 4 5 6 3 0 1 0 7 9 3 4 17 5 5 4 3 4 3 7 7 6 2 4 11 5 6 2 0 2 4 4 6 4 3
hot.1 = 2 6 2 3 1 5 0 2 0 7 0 6 6 4 4 30 7 23 12 6 8 5 3 1 3 35 6 1 3 7 3 9 8 0 2 2 3 7 0 2 8 6 2 0 0 5 1 17 1 6 2 4 4 7 0 1 3 2 3 5 11 2 8 4
hot.2 = 2 4 0 7 3 33 4 1 0 6 0 1 4 1 10 12 12 1 1 8 7 8 5 4 8 4 7 3 3 7 6 0 1 4 11 4 0 0 7 2 40 6 4 0 5 12 1 7 6 3 2 0 1 3 10 0 2 1 2 0 13 6 7 4
hot.3 = 1 0 0 0 6 0 3 2 2 7 4 3 9 0 2 29 0 0 9 9 8 0 3 1 0 0 1 2 5 2 9 11 3 8 0 12 5 3 9 10 8 1 4 32 6 17 7 9 2 9 3 5 2 0 4 0 6 5 1 8 0 6 20 3
hot.4 = 0 0 5 0 0 5 10 12 11 0 3 1 1 2 7 0 1 32 12 23 0 21 0 8 3 9 11 13 0 0 1 0 1 5 3 5 5 1 2 1 2 9 4 0 0 3 1 1 7 0 6 4 1 0 1 32 4 3 8 5 3 3 13 12
hot.5 = 27 4 37 0 0 1 2 1 12 2 3 11 0 7 17 0 2 5 8 0 1 10 4 0 0 1 1 7 0 13 3 7 2 0 4 3 1 0 2 11 3 17 35 1 2 3 0 2 1 0 0 5 8 5 11 7 0 10 3 1 6 5 2 0
hot.6 = 0 5 8 5 6 23 6 0 3 5 0 4 4 6 0 1 9 6 15 0 3 0 1 7 3 2 8 1 0 0 2 0 2 12 0 0 12 0 18 1 7 0 34 0 3 0 1 8 9 9 3 0 32 0 0 8 0 15 6 8 0 3 7 5
hot.7 = 10 2 9 0 22 12 0 1 0 0 0 2 4 13 9 14 3 33 2 8 3 9 2 8 6 0 10 3 4 0 1 1 3 5 17 11 12 2 12 7 0 5 4 0 0 6 12 3 6 0 0 0 3 0 3 0 5 2 6 8 2 8 0 3
hot.8 = 8 7 2 37 0 1 9 5 0 0 7 0 6 2 9 0 4 6 15 0 1 1 1 7 2 7 0 3 8 8 4 4 13 2 1 7 2 4 6 0 2 1 22 1 2 4 0 3 2 1 3 9 6 7 24 10 3 9 0 8 4 3 2 11
hot.9 = 7 6 3 0 27 28 7 3 7 1 3 3 11 10 1 0 5 0 1 0 3 6 2 2 2 0 3 6 4 6 1 3 2 8 6 5 5 10 7 13 2 0 8 5 1 1 30 2 6 2 1 6 0 7 2 9 2 3 11 6 3 9 0 3
hot.10 = 7 7 13 5 11 0 7 2 1 4 7 5 2 2 8 6 16 10 2 5 4 3 0 3 6 0 2 3 2 2 6 2 8 3 3 5 7 8 5 7 0 4 2 9 7 6 8 8 7 2 0 3 10 7 0 4 32 4 2 8 6 4 3 1
hot.11 = 7 0 2 3 1 2 0 0 8 1 2 7 1 28 9 5 5 2 8 1 8 1 5 6 1 0 3 34 0 5 3 8 3 8 7 1 3 7 3 4 3 2 6 2 9 5 4 20 0 4 0 11 5 0 8 0 6 0 8 0 3 7 7 24
hot.12 = 5 3 2 2 2 1 8 7 20 5 2 0 3 5 7 4 3 5 0 0 1 9 9 15 1 2 1 0 3 4 5 19 1 0 6 0 3 0 35 2 0 2 2 32 5 7 8 3 9 3 9 6 8 2 8 5 1 0 10 9 1 1 4 1
hot.13 = 2 6 36 7 6 12 35 5 8 1 1 25 4 2 0 0 1 2 1 2 0 4 8 3 6 16 0 1 2 1 4 6 5 2 7 9 5 3 2 3 3 8 1 0 0 12 1 2 0 0 3 2 0 0 8 10 0 0 3 1 0 26 13 0
hot.14 = 3 3 0 1 0 0 31 2 1 11 4 9 8 2 0 9 6 2 2 2 8 2 10 5 5 0 0 0 26 9 0 4 0 1 9 9 32 1 9 2 0 10 9 0 8 3 5 1 4 0 0 0 5 7 5 0 4 2 32 1 7 0 0 5
hot.15 = 0 1 4 1 0 1 2 1 23 2 2 2 2 2 0 3 1 21 1 2 11 5 5 1 2 0 0 0 4 1 24 0 4 2 19 0 0 5 0 0 0 0 0 0 9 2 3 1 0 0 0 0 2 0 5 6 6 0 2 0 1 5 3 1
# model [OLMoE-1B-7B-0924-Instruct-Q4_K_M.gguf 4213513024] time 1791108101: hot experts (this run's counts) of a prompt whose last layer embedding is this file name (64 buckets, one signed byte each, scaled by the largest)
hot.0 = 8 2 3 2 5 4 41 3 15 0 6 3 0 4 5 2 5 2 2 3 1 31 8 0 9 3 3 4 1 5 4 5 6 3 0 1 0 7 9 3 4 17 5 5 4 3 4 3 7 7 6 2 4 11 5 6 2 0 2 4 4 6 4 3
hot.1 = 2 6 2 3 1 5 0 2 0 7 0 6 6 4 4 30 7 23 12 6 8 5 3 1 3 35 6 1 3 7 3 9 8 0 2 2 3 7 0 2 8 6 2 0 0 5 1 17 1 6 2 4 4 7 0 1 3 2 3 5 11 2 8 4
hot.2 = 2 4 0 7 3 33 4 1 0 6 0 1 4 1 10 12 12 1 1 8 7 8 5 4 8 4 7 3 3 7 6 0 1 4 11 4 0 0 7 2 40 6 4 0 5 12 1 7 6 3 2 0 1 3 10 0 2 1 2 0 13 6 7 4
hot.3 = 1 0 0 0 6 0 3 2 2 7 4 3 9 0 2 29 0 0 9 9 8 0 3 1 0 0 1 2 5 2 9 11 3 8 0 12 5 3 9 10 8 1 4 32 6 17 7 9 2 9 3 5 2 0 4 0 6 5 1 8 0 6 20 3
hot.4 = 0 0 5 0 0 5 10 12 11 0 3 1 1 2 7 0 1 32 12 23 0 21 0 8 3 9 11 13 0 0 1 0 1 5 3 5 5 1 2 1 2 9 4 0 0 3 1 1 7 0 6 4 1 0 1 32 4 3 8 5 3 3 13 12
hot.5 = 27 4 37 0 0 1 2 1 12 2 3 11 0 7 17 0 2 5 8 0 1 10 4 0 0 1 1 7 0 13 3 7 2 0 4 3 1 0 2 11 3 17 35 1 2 3 0 2 1 0 0 5 8 5 11 7 0 10 3 1 6 5 2 0
hot.6 = 0 5 8 5 6 23 6 0 3 5 0 4 4 6 0 1 9 6 15 0 3 0 1 7 3 2 8 1 0 0 2 0 2 12 0 0 12 0 18 1 7 0 34 0 3 0 1 8 9 9 3 0 32 0 0 8 0 15 6 8 0 3 7 5
hot.7 = 10 2 9 0 22 12 0 1 0 0 0 2 4 13 9 14 3 33 2 8 3 9 2 8 6 0 10 3 4 0 1 1 3 5 17 11 12 2 12 7 0 5 4 0 0 6 12 3 6 0 0 0 3 0 3 0 5 2 6 8 2 8 0 3
hot.8 = 8 7 2 37 0 1 9 5 0 0 7 0 6 2 9 0 4 6 15 0 1 1 1 7 2 7 0 3 8 8 4 4 13 2 1 7 2 4 6 0 2 1 22 1 2 4 0 3 2 1 3 9 6 7 24 10 3 9 0 8 4 3 2 11
hot.9 = 7 6 3 0 27 28 7 3 7 1 3 3 11 10 1 0 5 0 1 0 3 6 2 2 2 0 3 6 4 6 1 3 2 8 6 5 5 10 7 13 2 0 8 5 1 1 30 2 6 2 1 6 0 7 2 9 2 3 11 6 3 9 0 3
hot.10 = 7 7 13 5 11 0 7 2 1 4 7 5 2 2 8 6 16 10 2 5 4 3 0 3 6 0 2 3 2 2 6 2 8 3 3 5 7 8 5 7 0 4 2 9 7 6 8 8 7 2 0 3 10 7 0 4 32 4 2 8 6 4 3 1
hot.11 = 7 0 2 3 1 2 0 0 8 1 2 7 1 28 9 5 5 2 8 1 8 1 5 6 1 0 3 34 0 5 3 8 3 8 7 1 3 7 3 4 3 2 6 2 9 5 4 20 0 4 0 11 5 0 8 0 6 0 8 0 3 7 7 24
hot.12 = 5 3 2 2 2 1 8 7 20 5 2 0 3 5 7 4 3 5 0 0 1 9 9 15 1 2 1 0 3 4 5 19 1 0 6 0 3 0 35 2 0 2 2 32 5 7 8 3 9 3 9 6 8 2 8 5 1 0 10 9 1 1 4 1
hot.13 = 2 6 36 7 6 12 35 5 8 1 1 25 4 2 0 0 1 2 1 2 0 4 8 3 6 16 0 1 2 1 4 6 5 2 7 9 5 3 2 3 3 8 1 0 0 12 1 2 0 0 3 2 0 0 8 10 0 0 3 1 0 26 13 0
hot.14 = 3 3 0 1 0 0 31 2 1 11 4 9 8 2 0 9 6 2 2 2 8 2 10 5 5 0 0 0 26 9 0 4 0 1 9 9 32 1 9 2 0 10 9 0 8 3 5 1 4 0 0 0 5 7 5 0 4 2 32 1 7 0 0 5
hot.15 = 0 1 4 1 0 1 2 1 23 2 2 2 2 2 0 3 1 21 1 2 11 5 5 1 2 0 0 0 4 1 24 0 4 2 19 0 0 5 0 0 0 0 0 0 9 2 3 1 0 0 0 0 2 0 5 6 6 0 2 0 1 5 3 1
