# model [OLMoE-1B-7B-0924-Instruct-Q4_K_M.gguf 4213513024] time 1791108090: hot experts (this run's counts) of a prompt whose last layer embedding is this file name (64 buckets, one signed byte each, scaled by the largest)
hot.0 = 2 4 0 6 6 3 32 3 10 0 2 16 3 9 5 0 3 10 7 4 5 5 5 2 11 2 2 1 6 5 5 5 3 0 0 0 5 0 3 3 6 17 10 3 3 9 7 3 3 7 6 3 8 9 6 8 1 0 2 4 5 5 1 9
hot.1 = 1 1 5 3 2 18 2 1 4 6 0 12 4 5 7 12 10 10 16 6 1 10 3 7 6 7 4 6 2 15 2 6 4 1 4 1 1 12 1 1 4 5 4 3 0 4 5 1 6 9 1 6 3 6 7 4 8 4 1 4 9 3 7 5
hot.2 = 1 3 4 6 3 3 2 8 0 16 18 2 6 5 8 3 9 4 1 8 2 1 9 1 10 3 6 6 4 5 7 1 5 2 6 3 13 13 5 2 9 2 3 2 1 10 0 7 2 8 5 2 3 4 3 5 5 1 14 0 12 10 3 3
hot.3 = 17 6 3 3 8 0 24 0 10 10 17 7 3 1 3 9 8 1 4 10 5 2 6 1 1 0 1 0 1 3 9 6 1 8 4 0 7 6 2 8 6 8 5 4 6 5 3 6 0 4 1 7 2 0 5 0 6 1 8 7 7 10 6 6
hot.4 = 8 5 13 0 4 0 7 3 14 18 3 4 3 2 6 2 2 3 12 1 12 5 0 5 0 10 1 14 2 1 0 0 2 14 4 13 3 6 3 1 2 6 5 9 3 10 1 2 10 0 1 4 2 15 1 1 5 0 3 6 1 7 14 14
hot.5 = 3 4 5 6 0 1 4 0 4 1 5 1 0 7 9 6 2 10 2 4 6 11 6 4 0 1 1 7 0 2 5 9 0 3 4 5 0 23 2 5 3 9 4 5 0 5 0 5 4 3 1 5 5 3 5 10 17 5 5 19 36 4 7 0
hot.6 = 23 7 0 0 4 1 3 0 8 6 12 7 1 2 0 5 17 11 17 2 2 6 7 3 6 3 5 3 0 1 0 21 5 2 0 0 19 2 9 1 13 0 1 0 7 0 4 7 6 12 7 0 4 1 1 7 3 1 4 11 4 2 9 3
hot.7 = 1 1 6 3 2 9 0 4 0 17 0 5 6 17 5 0 4 2 3 3 0 10 14 8 4 1 7 1 1 1 1 3 7 5 10 11 5 4 4 10 4 5 4 7 1 10 9 4 7 3 0 1 2 0 4 19 7 0 10 2 2 7 2 23
hot.8 = 3 10 8 5 0 0 13 6 1 1 7 0 7 1 19 1 3 4 1 0 1 4 1 8 11 0 2 2 4 11 4 1 17 3 11 8 8 5 6 5 1 2 3 1 9 3 0 3 8 3 5 19 4 4 1 8 12 7 2 11 7 3 3 7
hot.9 = 6 4 6 0 5 2 14 8 10 4 0 11 14 10 3 10 7 18 0 7 8 7 0 2 5 0 14 4 1 2 3 6 4 0 9 2 14 7 6 6 6 15 10 4 3 1 0 2 2 0 1 2 4 4 1 7 0 4 5 2 4 7 1 4
hot.10 = 8 4 4 2 15 0 11 2 2 11 0 5 5 1 4 5 1 8 7 4 4 0 21 12 2 9 0 0 5 6 9 6 6 0 8 2 4 8 7 9 1 1 4 11 8 0 9 9 6 7 4 0 4 8 4 9 2 3 0 9 4 3 3 2
hot.11 = 9 2 8 8 1 4 6 2 4 7 2 8 6 0 9 9 5 8 6 0 5 0 8 4 5 24 5 2 2 6 2 4 2 11 6 5 1 6 6 1 14 4 1 1 12 4 3 2 1 15 0 11 10 0 4 2 9 0 9 1 0 10 6 0
hot.12 = 5 8 1 2 6 6 11 6 4 8 6 20 5 1 3 6 0 4 0 0 5 8 4 12 6 12 7 0 1 11 5 3 8 2 2 9 3 0 4 0 4 3 8 4 1 1 5 3 6 0 5 9 9 10 10 4 5 4 14 12 1 0 6 0
hot.13 = 6 3 8 4 8 17 2 6 9 7 6 1 0 3 14 1 1 3 6 1 0 7 7 9 1 4 2 2 7 5 0 7 4 2 4 8 9 1 6 5 7 9 1 1 4 8 2 4 6 7 3 2 0 1 11 8 1 1 1 20 7 1 6 21
hot.14 = 0 5 2 7 24 2 0 7 8 11 3 11 7 2 0 9 3 8 0 6 4 7 13 0 8 4 1 4 1 3 0 0 0 2 5 4 1 4 10 7 5 8 12 0 7 3 10 6 5 1 4 13 1 4 2 0 0 7 9 17 10 2 7 2
hot.15 = 6 4 8 0 2 2 3 0 0 6 1 0 4 1 8 1 0 0 1 0 2 4 3 6 7 0 9 0 2 3 0 6 1 1 0 3 5 1 4 6 1 5 0 5 2 19 1 5 1 0 18 0 4 2 3 5 2 5 2 1 4 2 2 1
